1 0.579392 0.589023 0.206081 0.821954
1 0.375 0.756801 0.054054 0.177688
1 0.31756799999999996 0.750455 0.047297 0.190380
1 0.861486 0.755532 0.054054 0.180226
1 0.7449319999999999 0.761878 0.064189 0.162458
1 0.982264 0.758071 0.035472 0.190380
1 0.929054 0.746648 0.054054 0.192918
1 0.799831 0.634958 0.032095 0.045691
1 0.741554 0.637497 0.037162 0.045691
1 0.399493 0.636227 0.035473 0.027922
1 0.33192600000000005 0.624805 0.052365 0.030461
1 0.263514 0.660342 0.027027 0.065998
1 0.21114900000000003 0.665419 0.030405 0.060922
1 0.14104700000000003 0.643843 0.065878 0.129458
1 0.03547299999999998 0.732687 0.070946 0.185303
